36
2778786866 95535324324124894798237164 73675863278956387
13578123509 7635632957 632156329563257326523
3275632 48956238 95632895637826573825673265032
325763426540893265 932549 632569314
78615876458 96567156045601654 01567056016751405610
036407132 645036540 36570982365798106507943657012
1703506574 3164570312650 7312650321657123651
379216540312 653065738465 8732164508312745
83671251325 36857635682315671 2395678391265392675
376543102 57034625083146408 342650832156
174326501 6506570650640265 17065470651
47156401756416598457689 4658941 26591265812465
76598123657836 257863217562341975 641956904165894165
574321659 703416576321 705632705690723569201562391657
32715637281405 6703214650978326 59832659784215691246590
857621395650165 036450731265314 650713657913265
276523401657065879 6413295868 4913256912346589156
4715614032765703214 5674321657832615 7863215476321
4756198569 4165891236457863124745632176798 3216487321643215
146438667568134978569 324178567418936578123 65709346509145
146453686743896 5743215693125689127231 456237846532715671204
56470165790 143657341265978326157632144 57862314957
6239756329407 1567413657143654 86501345674105684526150
49651987465839640 9321564189 05641795763281413756421378
642317965439207563 217456832649013265734564 78101934720340
2183749238527659 265034165034265921 83659043265914287652
3195649315 615962395863219856912836 59832165982
3165498632175 637216589236452375621 95732659081426589431
65792631459863258 2146589326598263 19856
894563219563 9128645356680151465481 9564895613895614389561
834965841936 58946598164856143895632895 63291658932745830265839217
439653829165948659 10643923702974283959 2474864308652396
749236950468 308657346 5934659032
4526425734879 15679381465917436590416 54165743659701642509761234590
643576436589741 656143975643918569471365914037561894 03568903465894136519048654
158346509413650796 413509741659013659843658 914365980134